Mesure 12

Z0
IT,Z0,F15936,416,0,200,D0128,1280,A1,X2100,-100,5,S2090.0,A0,D-1,1,Y110.0,-22.000,4,Z0,D0128,1280,L4

IT,Z0,F15936,416,0,200,D0128,1280,A1,X2100,-100,5,S2090.0,A0,D-1,1,Y110.0,-22.000,4,Z0,D0128,1280,L4
14119
14110
14112
14099
14093
14124
14119
14089
14091
14079
14054
14066
14105
14110
14098
14122
14115
14100
14117
14137
14131
14128
14142
14126
14125
14152
14153
14138
14135
14132
14113
14127
14168
14162
14156
14159
14143
14123
14126
14132
14092
14092
14114
14105
14110
14141
14152
14129
14131
14139
14120
14142
14168
14155
14134
14134
14123
14090
14104
14105
14075
14063
14069
14066
14069
14104
14108
14079
14083
14081
14074
14094
14129
14131
14112
14129
14122
14109
14125
14140
14132
14128
14142
14127
14115
14138
14129
14105
14100
14099
14084
14098
14135
14129
14123
14127
14112
14097
14111
14125
14102
14108
14129
14113
14110
14131
14134
14108
14103
14112
14093
14110
14139
14138
14134
14147
14146
14126
14141
14156
14133
14123
14130
14127
14125
14148
14140
14098
14091
14088
14076
14088
14116
14111
14086
14096
14091
14078
14099
14121
14118
14120
14142
14133
14130
14160
14156
14126
14113
14111
14099
14109
14142
14143
14134
14137
14123
14109
14121
14137
14112
14106
14124
14113
14108
14126
14127
14100
14096
14111
14103
14122
14152
14149
14133
14136
14137
14112
14117
14135
14116
14106
14114
14116
14115
14130
14119
14079
14074
14073
14064
14077
14106
14109
14093
14106
14104
14095
14114
14135
14133
14134
14160
14157
14147
14175
14171
14146
14139
14144
14138
14141
14172
14163
14141
14143
14136
14126
14140
14160
14140
14119
14137
14125
14113
14123
14122
14096
14085
14093
14076
14089
14122
14118
14100
14104
14112
14098
14110
14142
14133
14130
14147
14157
14160
14179
14180
14140
14132
14128
14110
14113
14131
14119
14085
14082
14080
14064
14073
14081
14067
14062
14084
14080
14056
14078
14081
14057
14058
14079
14087
14100
14141
14143
14123
14129
14133
14127
14136
14156
14140
14127
14154
14154
14145
14154
14153
14128
14120
14134
14121
14130
14160
14155
14130
14124
14123
14104
14117
14153
14150
T,D1,1,Y110.0,-22.000,4,A0,M0,50,V-2
G2,2090.0
A0,T,V-2
