Mesure2
Z0
IT,Z0,F15936,416,0,200,D0128,1280,A1,X2100,-100,5,S2090.0,D1,1,Y110.0,-17.000,4,Z0,D0128,1280,L1
13927
13948
13941
13919
13954
13991
13926
13908
13923
13906
13909
13944
13940
13891
13905
13923
13880
13901
13932
13906
13865
13874
13875
13845
13903
13937
13898
13877
13884
13864
13847
13926
13945
13903
13923
13943
13918
13913
13960
13958
13919
13961
13959
13938
13978
14022
13995
13964
14008
13973
13926
13967
13993
13977
13980
13998
13956
13927
13961
13944
13908
13918
13925
13893
13900
13953
13924
13901
13918
13913
13903
13930
13959
13919
13914
13947
13916
13908
13940
13937
13889
13893
13937
13902
13927
13982
13960
13920
13927
13941
13925
13977
14026
13979
13956
13966
13949
13924
13951
13951
13877
13870
13888
13878
13892
13929
13907
13845
13854
13846
13815
13858
13912
13908
13892
13925
13925
13893
13934
13948
13926
13934
13964
13946
13931
13990
13975
13924
13939
13953
13932
13941
13992
13975
13948
13974
13954
13922
13932
13946
13912
13912
13968
13939
13930
13967
13958
13911
13903
13922
13891
13915
13966
13944
13921
13937
13942
13913
13938
13984
13915
13891
13928
13938
13935
13968
13981
13907
13887
13912
13895
13915
13971
13973
13916
13917
13922
13881
13906
13944
13924
13894
13909
13909
13880
13930
13925
13859
13840
13851
13835
13835
13918
13931
13878
13896
13908
13889
13904
13957
13944
13911
13977
13992
13973
14013
14039
13994
13962
14011
14002
13980
14028
14036
13996
13985
14003
13972
13972
14039
14016
13974
13984
13978
13933
13928
13957
13891
13851
13876
13870
13866
13908
13936
13892
13884
13915
13888
13900
13966
13979
13934
13941
13974
13950
13972
14015
13975
13924
13922
13923
13906
13960
14002
13943
13913
13924
13910
13898
13949
13966
13893
13888
13895
13868
13884
13922
13893
13821
13841
13854
13834
13887
13931
13897
13848
13852
13843
13826
13908
13953
13937
13947
13970
13955
13955
14028
14018
13961
13972
13989
13977
13990
14034
14006
13954
13962
13947
13928
13956
13986
T,D-1,1,Y110.0,-17.000,4,A0,M0,50,V-2
A0,T,V-2
