Mesure1
Z0
IT,Z0,F15936,416,0,200,D0128,1280,A1,X2100,-100,5,S2090.0,D1,1,Y110.0,-22.000,4,Z0,D0128,1280,L1
14262
14257
14295
14312
14299
14330
14375
14338
14331
14351
14336
14331
14372
14399
14362
14379
14399
14371
14371
14394
14384
14352
14362
14377
14353
14387
14411
14387
14367
14371
14355
14334
14387
14406
14376
14371
14367
14340
14330
14365
14360
14328
14360
14365
14350
14378
14418
14398
14371
14411
14396
14366
14398
14426
14415
14403
14413
14374
14346
14382
14381
14353
14353
14359
14337
14344
14387
14358
14338
14352
14346
14338
14369
14397
14366
14369
14393
14364
14354
14385
14391
14354
14362
14399
14377
14388
14420
14401
14365
14366
14367
14347
14391
14440
14417
14399
14401
14381
14353
14387
14401
14353
14352
14359
14339
14342
14369
14347
14290
14312
14308
14272
14301
14349
14352
14340
14361
14349
14320
14365
14393
14379
14379
14393
14369
14353
14412
14417
14385
14387
14385
14356
14353
14396
14394
14377
14392
14371
14342
14360
14388
14370
14371
14408
14379
14361
14384
14380
14347
14349
14365
14329
14352
14404
14390
14372
14386
14380
14340
14364
14413
14373
14364
14385
14378
14369
14399
14417
14363
14367
14392
14374
14384
14424
14427
14389
14393
14400
14358
14371
14396
14376
14352
14356
14333
14293
14327
14335
14294
14286
14301
14290
14286
14348
14365
14347
14374
14374
14346
14362
14414
14418
14411
14466
14454
14420
14435
14453
14430
14417
14446
14419
14394
14419
14412
14386
14391
14404
14371
14373
14425
14401
14376
14392
14386
14350
14348
14370
14322
14307
14340
14338
14341
14375
14382
14326
14321
14361
14343
14352
14399
14405
14379
14394
14414
14388
14414
14441
14402
14369
14375
14375
14365
14414
14435
14378
14357
14357
14338
14332
14364
14355
14297
14316
14321
14298
14312
14345
14329
14292
14321
14333
14322
14364
14384
14358
14347
14372
14357
14354
14429
14449
14425
14436
14450
14417
14397
14438
14416
14378
14400
14408
14400
14417
14439
14401
14373
14392
14370
14357
T,D-1,1,Y110.0,-22.000,4,A0,M0,50,V-2
A0,T,V-2
