Mesure 14

Z0
IT,Z0,F15936,416,0,200,D0512,1280,A1,X2100,-100,5,S2090.0,A0,Z0,D0512,1280,L1

IT,Z0,F15936,416,0,200,D0512,1280,A1,X2100,-100,5,S2090.0,A0,Z0,D0512,1280,L1
14055
14045
14055
14066
14044
14047
14064
14051
14059
14085
14085
14064
14065
14082
14066
14074
14096
14089
14079
14084
14085
14067
14082
14112
14092
14078
14078
14069
14073
14105
14117
14082
14070
14062
14040
14042
14065
14060
14040
14046
14045
14030
14042
14064
14058
14045
14047
14032
14026
14068
14097
14098
14101
14108
14091
14087
14112
14106
14089
14094
14094
14085
14091
14107
14088
14072
14080
14064
14058
14078
14096
14082
14075
14088
14065
14068
T,M0,50,V-2
A0,T,V-2
