Mesure5

Z0
IT,Z0,F15936,416,0,200,D0128,1280,A1,X2100,-100,5,S2090.0,D1,1,Y110.0,-22.000,4,Z0,D0128,1280,L1
14392
14388
14373
14393
14428
14410
14382
14401
14371
14349
14373
14388
14363
14351
14373
14343
14337
14374
14367
14341
14339
14343
14328
14359
14418
14395
14382
14394
14380
14359
14395
14441
14401
14396
14424
14410
14410
14445
14447
14390
14376
14387
14363
14383
14430
14426
14385
14381
14385
14355
14386
14428
14414
14395
14396
14384
14367
14407
14413
14361
14338
14328
14297
14287
14331
14340
14304
14321
14316
14292
14318
14364
14366
14353
14383
14364
14334
14373
14398
14382
14375
14393
14377
14362
14417
14428
14409
14414
14409
14372
14368
14422
14420
14403
14429
14418
14386
14389
14407
14380
14359
14378
14361
14351
14383
14395
14364
14358
14378
14335
14330
14378
14386
14374
14387
14394
14367
14389
14427
14400
14385
14399
14394
14380
14411
14442
14387
14376
14387
14368
14365
14395
14409
14384
14401
14407
14372
14380
14395
14371
14340
14352
14358
14326
14355
14375
14347
14334
14344
14330
14318
T,D-1,1,Y110.0,-22.000,4,A0,M0,50,V-2
A0,T,V-2
