Mesure 11

Z0
IT,Z0,F15936,416,0,200,D0128,1280,A1,X2100,-100,5,S2090.0,D1,1,Y110.0,-22.000,4,Z0,D0128,1280,L1
14109
14126
14150
14150
14144
14154
14142
14120
14138
14135
14110
14099
14097
14087
14102
14146
14148
14136
14138
14125
14106
14116
14144
14142
14141
14155
14138
14127
14141
14147
14132
14138
14162
14149
14162
14191
14180
14153
14143
14140
14119
14132
14163
14147
14138
14148
14147
14137
14155
14169
14136
14133
14147
14145
14151
14167
14156
14118
14106
14096
14067
14080
14104
14098
14083
14089
14087
14074
14103
14120
14107
14103
14107
14097
14102
14145
14152
14134
14138
14135
14119
14127
14163
14166
14157
14165
14136
14105
14112
14125
14116
14118
14142
14127
14124
14152
14156
14138
14129
14124
14100
14110
14145
14137
14128
14139
14132
14110
14122
14147
14118
14115
14135
14137
14147
14175
14187
14159
14154
14157
14138
14152
14182
14175
14147
14141
14131
14102
14118
14128
14107
14092
14091
14082
14076
14113
14119
14088
14079
14077
14067
14080
14126
14135
14117
14132
14119
14096
14112
14141
14142
14139
14166
14150
14133
14161
14178
14166
14158
14160
14138
14134
14171
14164
14147
14143
14123
14094
14097
14126
14116
14121
14141
14130
14124
14140
14142
14109
14104
14121
14104
14115
14152
14157
14136
14130
14127
14100
14118
14144
14129
14116
14122
14121
14122
14158
14178
14147
14136
14134
14124
14136
14177
14186
14155
14151
14128
14097
14113
14142
14137
14120
14129
14113
14089
14119
14143
14138
14135
14139
14122
14114
14160
14173
14160
14156
14137
14103
14097
14125
14124
14117
14133
14123
14110
14120
14128
14109
14109
14126
14109
14118
14155
14162
14144
14144
14145
14120
14134
14164
14145
14126
14128
14124
14114
14142
14170
14143
14129
14131
14124
14131
14165
14176
14143
14127
14108
14081
14091
14119
14119
14099
14105
14101
14078
14105
14128
14117
14104
14104
14097
14100
14152
14172
14156
14150
14138
14115
14117
14158
14175
14168
14181
14169
14148
14153
14165
14152
14146
14167
14156
T,D-1,1,Y110.0,-22.000,4,A0,M0,50,V-2
G2,2090.0
A0,T,V-2
