Mesure 10

Z0
IT,Z0,F15936,416,0,200,D0128,1280,A1,X2100,-100,5,S2090.0,D1,1,Y110.0,-22.000,4,Z0,D0128,1280,L4
14146
14150
14141
14146
14151
14132
14140
14170
14144
14120
14115
14108
14107
14140
14169
14139
14142
14153
14138
14138
14162
14167
14142
14151
14158
14136
14151
14161
14136
14110
14118
14122
14111
14157
14186
14173
14167
14166
14140
14118
14143
14143
14125
14138
14140
14130
14144
14179
14176
14156
14177
14172
14156
14167
14178
14162
14148
14150
14113
14101
14133
14139
14130
14139
14148
14132
14140
14169
14148
14137
14151
14151
14143
14166
14190
14157
14153
14165
14142
14132
14151
14161
14144
14150
14161
14137
14138
14152
14140
14123
14135
14141
14127
14159
14188
14172
14160
14159
14140
14123
14143
14140
14109
14110
14105
14083
14081
14103
14094
14076
14101
14111
14110
14146
14185
14188
14185
14197
14166
14152
14186
14200
14192
14194
14201
14177
14167
14187
14169
14148
14146
14132
14113
14127
14155
14134
14131
14143
14123
14109
14127
14144
14134
14144
14160
14133
14126
14144
14140
14128
14146
14161
14140
14160
14186
14168
14155
14160
14154
14144
14164
14172
14153
14157
14157
14138
14129
14144
14138
14111
14126
14125
14111
14129
14151
14144
14129
14130
14105
14083
14116
14138
14139
14147
14156
14134
14112
14146
14154
14144
14152
14151
14139
14153
14190
14187
14176
14193
14178
14162
14176
14199
14204
14206
14209
14169
14149
14151
14139
14127
14142
14158
14141
14156
14185
14173
14163
14173
14174
14164
14174
14189
14158
14152
14156
14144
14136
14149
14153
14126
14129
14137
14130
14141
14154
14139
14116
14118
14103
14083
14120
14154
14152
14150
14159
14143
14119
14144
14146
14120
14121
14120
14106
14112
14147
14149
14127
14140
14130
14112
14127
14160
14171
14167
14171
14138
14112
14120
14127
14125
14134
14143
14121
14117
14142
14137
14125
14127
14120
14102
14118
14150
14135
14141
14166
14160
14145
14161
14179
14159
14165
14191
14182
14186
14207
14200
14167
14160
14157
14146
14177
T,D-1,1,Y110.0,-22.000,4,A0,M0,50,V-2
A0,T,V-2
