Mesure 8

Z0
IT,Z0,F15936,416,0,200,D0032,1600,A1,X2100,-500,5,S2090.0,D1,1,Y110.0,-22.000,4,Z0,D0032,1600,L1

IT,Z0,F15936,416,0,200,D0032,1600,A1,X2100,-500,5,S2090.0,D1,1,Y110.0,-22.000,4,Z0,D0032,1600,L1
14306
14291
14319
14355
14342
14328
14349
14317
14289
14300
14300
14283
14287
14303
14284
14298
14339
14334
14319
14327
14329
14313
14336
14375
14345
14338
14355
14347
14333
14347
14359
14331
14348
14382
14374
14381
14408
14397
14345
14337
14344
14318
14335
14362
14348
14330
14340
14334
14314
14348
14361
14328
14322
14331
14314
14293
14320
14311
14267
14271
14274
14259
14268
14297
14290
14264
14297
14298
14276
14295
14322
14318
14317
14349
14342
14327
14360
14364
14336
14333
14347
14332
14330
14378
14372
14346
14352
14350
14329
14334
14356
14336
14333
14365
14359
14350
14372
14376
14327
14311
14332
14309
14311
14338
14326
14289
14285
14293
14269
14291
14325
14311
14304
14332
14356
14350
14384
14417
14371
14351
14362
14365
14378
14413
14418
14358
14345
14345
14316
14316
14336
14322
14285
14291
14303
14284
14310
14323
14291
14266
14275
14273
14272
14331
14339
14295
14276
14274
14256
14257
14313
14318
14292
14311
14312
14295
14312
14351
14334
14307
14350
14350
14339
14370
14395
14371
14344
14360
14337
14329
14366
14372
14351
14351
14358
14331
14334
14377
14345
14307
14309
14305
14292
14309
14333
14289
14262
14277
14267
14273
14312
14331
14303
14310
14347
14335
14342
14380
14380
14350
14357
14380
14377
14413
14441
14404
14363
14356
14344
14324
14369
14398
14360
14345
14345
14327
14322
14353
14351
14296
14295
14291
14269
14285
14313
14291
14243
14250
14244
14221
14253
14282
14274
14268
14283
14270
14261
14316
14337
14323
14339
14360
14349
14351
14405
14404
14369
14376
14365
14338
14345
14375
14359
14339
14360
14341
14318
14332
14336
14307
14298
14321
14300
14304
14332
14317
14282
14279
14284
14263
14292
14346
14320
14304
14316
14314
14299
14322
14356
14316
14311
14340
14347
14359
14392
14395
14343
14334
14363
14356
14379
14414
14405
14366
14354
14348
14321
14342
14358
14330
14310
T,D-1,1,Y110.0,-22.000,4,A0,M0,50,V-2
A0,T,V-2
