Mesure 16

Z0
IT,Z0,F15936,416,0,200,D0128,1280,A1,X1100,-100,5,S1000.0,A0,Z0,D0128,1280,L1
14001
13992
14005
14013
13999
13992
14001
13985
13985
14004
13992
13965
13951
13941
13918
13930
13968
13977
13983
14002
14012
14007
14021
14038
14006
13997
14004
13999
14008
14034
14042
14015
14009
14017
14000
13998
14005
13996
13982
13985
13984
13966
13990
13999
13970
13954
13957
13952
13948
13981
13993
13969
13966
13965
13951
13949
13974
13981
13983
14014
14022
14012
14023
14039
14026
14013
14025
14023
14019
14040
14051
14043
14034
14033
14013
14010
14036
14032
14020
14021
14015
13997
13998
14014
13995
13986
13989
13984
13987
14005
14012
13983
13971
13974
13957
13958
13985
14001
13996
14005
14017
14003
14017
14037
14029
14019
14025
14024
14016
14038
14039
14005
13980
13969
13952
13943
13965
13972
13956
13964
13968
13958
13961
13975
13970
13961
13982
13986
13984
14005
14023
14018
14005
14003
13989
13984
14011
14023
14016
14017
14019
14002
13996
14011
14001
13996
14007
14011
14014
14033
14049
14031
14024
14024
14003
14000
14019
14024
14006
14007
14016
13998
13999
14013
14011
14007
14022
14035
14028
14041
14052
14029
14007
14001
13996
13992
14011
14021
14001
13996
13988
13969
13968
13987
13983
13968
13981
13980
13970
13985
14001
13992
13978
13984
13973
13966
13988
13998
13998
14011
14025
14012
14006
14033
14033
14031
14045
14049
14039
14034
14036
14008
13990
13992
13976
13971
13992
14004
13987
13985
13996
13972
13967
13984
13987
13984
14004
14026
14024
14037
14055
14037
14014
14010
14005
13993
14015
14039
14021
14020
14023
14014
14013
14029
14025
14001
14020
14028
14019
14027
14041
14028
14001
14004
13996
13986
14009
14014
13995
13980
13973
13948
13931
13965
13975
13966
13980
13994
13990
13993
14014
14002
13982
13998
14004
14003
14026
14051
14039
14027
14041
14027
14016
14025
14021
14000
13999
14012
13999
14004
14022
14005
13980
13979
13980
13969
13998
14031
14009
13991
13988
13983
13982
14002
14013
13985
13986
14002
14007
14020
14037
14028
13994
13990
13998
13995
14025
14052
14043
14022
14015
14002
13986
14014
14026
14008
14008
14022
14020
14018
14048
14051
14026
14028
14028
14017
14026
14052
14039
14013
14014
13996
13976
13990
14010
13997
13985
14003
13992
13989
14010
14012
14001
14005
14013
14003
14017
14048
14039
14019
14005
13989
13974
13989
14017
13997
13999
14020
14023
14028
14053
14064
14037
14031
14045
14037
14052
14081
14081
14052
14032
14011
13984
14001
14014
13994
13975
13973
13965
13951
13980
13993
13978
13980
13987
13987
14002
14039
14049
14024
14025
14017
14000
14013
14043
14045
14037
14051
14043
14027
14038
14045
14033
14026
14032
14023
14025
14046
14041
14021
14008
13995
13974
13983
14015
14008
14000
13998
13987
13981
13996
14011
13996
14000
14015
14008
14015
14038
14042
14020
14009
14012
14002
14016
14040
14043
14034
14026
14010
13996
14019
14034
14018
14012
14016
14010
14008
14034
14038
14010
13990
13968
13946
13955
13987
13993
13982
14003
13991
13973
13985
14002
13999
13998
14020
14018
14026
14059
14065
14056
14052
14046
14021
14024
14060
14057
14049
14054
14041
14016
14018
14032
14015
14015
14025
14016
14017
14041
14054
14034
14033
14044
14025
14032
14056
14056
14040
14039
14035
14003
14013
14029
14015
14006
14010
14003
13995
14018
14036
14016
14012
14011
14000
14006
14042
14049
14024
14029
14018
13995
14000
14020
14019
14013
14035
14025
14009
14029
14047
14040
14039
14056
14038
14028
14066
14078
14062
14055
14045
14017
14005
14027
14026
14019
14033
14032
14026
14036
14045
14023
14010
14025
14019
14022
14054
14074
14066
14062
14057
14027
14027
14055
14067
14069
14084
14091
14077
14089
14114
14100
14083
14080
14075
14071
14090
14098
14068
14051
14033
14005
14000
14018
14020
14007
14016
14015
13999
14011
14030
14026
14017
14029
14026
14018
14050
14066
14061
14059
14056
14038
14025
14059
14067
14065
14076
14079
14070
14070
14083
14074
14066
14068
14055
14054
14079
14096
14081
14078
14074
14045
14040
14054
14052
14041
14044
14045
14024
14043
14065
14052
14042
14056
14067
14071
14107
14145
14121
14104
14089
14072
14074
14103
14119
14103
14116
14118
14096
14099
14114
14100
14071
14079
14080
14069
14093
14110
14093
14071
14065
14048
14036
14074
14091
14078
14081
14092
14085
14082
14108
14110
14095
14105
14108
14102
14110
14125
14108
14090
14101
14086
14078
14105
14128
14114
14101
14099
14071
14147
14270
14369
14407
14465
14518
14508
14516
14536
14535
14527
14544
14553
14533
14551
14558
14539
14538
14553
14545
14531
14550
14548
14529
14530
14535
14533
14546
14577
14574
14548
14558
14552
14535
14533
14538
14527
14519
14532
14526
14520
14528
14528
14527
14538
14549
14538
14527
14538
14538
14537
14544
14545
14533
14535
14544
14534
14528
14531
14528
14524
14533
14541
14524
14523
14524
14515
14508
14513
14520
14522
14535
14537
14525
14522
14527
14527
14528
14534
14534
14528
14535
14540
14539
14540
14541
14536
14534
14544
14548
14546
14551
14548
14542
14543
14552
14552
14543
14543
14535
14525
14522
14523
14523
14524
14527
14519
14515
14520
14521
14520
14523
14525
14520
14519
14525
14524
14526
14529
14529
14527
14528
14531
14530
14533
14540
14539
14535
14535
14536
14535
14538
14542
14538
14536
14538
14535
14530
14530
14530
14526
14527
14531
14528
14530
14534
14534
14534
14537
14538
14536
14534
14531
14528
14530
14534
14535
14529
14527
14524
14519
14520
14526
14529
14527
14528
14526
14522
14525
14529
14528
14528
14532
14533
14531
14533
14529
14523
14522
14525
14529
14532
14536
14532
14530
14534
14536
14536
14537
14537
14533
14533
14538
14537
14532
14532
14534
14533
14534
14536
14533
14534
14537
14536
14534
14533
14534
14534
14537
14536
14534
14534
14535
14535
14534
14537
14539
14536
14536
14535
14531
14530
14533
14537
14534
14532
14532
14530
14528
14527
14523
14521
14524
14523
14520
14522
14525
14526
14528
14531
14529
14527
14527
14524
14520
14521
14521
14521
14526
14532
14528
14527
14527
14528
14525
14524
14527
14529
14532
14535
14532
14528
14528
14531
14530
14528
14528
14529
14530
14532
14530
14525
14526
14527
14524
14525
14526
14523
14520
14521
14522
14522
14526
14530
14533
14534
14535
14535
14533
14534
14534
14534
14536
14537
14537
14537
14537
14535
14533
14533
14532
14531
14533
14536
T,M0,50,V-2
A0,T,V-2
