Z0
IT,Z0,F15936,416,0,200,D0032,1280,A1,X2100,-100,5,S2060.0,D1,1,Y100.0,-20.000,4,Z0,D0032,1280,L1
15150
15164
15164
15160
15161
15160
15156
15158
15166
15165
15162
15167
15168
15166
15172
15177
15173
15167
15163
15151
15147
15159
15157
15153
15156
15157
15150
15148
15146
15140
15131
15122
15105
15093
15094
15095
15092
15089
15093
15092
15096
15109
15120
15123
15126
15135
15137
15147
15161
15165
15165
15172
15176
15167
15171
15177
15170
15163
15161
15158
15152
15156
15156
15148
15140
15133
15125
15125
15134
15133
15120
15116
15120
15120
15128
15137
15137
15135
15141
15145
15146
15159
15161
15151
15146
15145
15137
15131
15140
15145
15144
15148
15152
15149
15150
15160
15160
15156
15155
15147
15137
15139
15147
15146
15141
15139
15132
15125
15126
15122
15112
15105
15103
15091
15092
15106
15113
15117
15126
15135
15137
15145
15153
15150
15149
15153
15156
15161
15174
15188
15185
15184
15182
15175
15168
15164
15154
15133
15119
15117
15107
15103
15106
15105
15098
15099
15099
15088
15091
15097
15089
15088
15095
15097
15095
15102
15105
15103
15105
15105
15101
15102
15111
15114
15106
15106
15108
15110
15122
15141
15150
15148
15152
15153
15151
15161
15171
15173
15175
15182
15180
15173
15181
15183
15183
15189
15194
15191
15190
15195
15198
15203
15200
15183
15165
15163
15174
15179
15174
15179
15183
15186
15195
15202
15204
15210
15222
15225
15227
15233
15228
15220
15219
15218
15205
15195
15194
15184
15178
15179
15174
15163
15159
15155
15132
15125
15124
15116
15113
15121
15129
15130
15134
15146
15150
15161
15174
15178
15177
15184
15192
15184
15188
15196
15193
15194
15203
15202
15192
15190
15180
15172
15172
15168
15160
15156
15161
15158
15148
15147
15142
15133
15132
15135
15133
15127
15126
15123
15120
15126
15128
15122
15118
15122
15123
15123
15138
15141
15137
15140
15145
15142
15139
15141
15135
15135
15135
15135
15137
15145
15155
15156
15148
15145
15141
15140
15144
15140
15126
15119
15121
15112
15108
15109
15100
15090
15090
15096
15092
15095
15103
15108
15114
15124
15131
15133
15138
15136
15124
15121
15122
15120
15121
15130
15132
15121
15120
15127
15124
15121
15123
15119
15110
15109
15111
15107
15113
15118
15112
15112
15122
15124
15122
15135
15134
15116
15106
15103
15103
15108
15118
15123
15126
15131
15132
15128
15133
15145
15149
15146
15150
15158
15161
15168
15175
15176
15180
15191
15190
15185
15193
15188
15175
15162
15150
15141
15143
15153
15156
15159
15165
15167
15164
15160
15155
15141
15124
15129
15133
15128
15126
15124
15112
15101
15100
15102
15110
15125
15130
15128
15132
15137
15122
15128
15144
15142
15137
15143
15151
15150
15144
15127
15109
15107
15114
15121
15131
15147
15158
15155
15146
15152
15154
15154
15157
15152
15136
15130
15131
15130
15138
15136
15122
15108
15100
15096
15091
15108
15116
15111
15111
15117
15128
15141
15147
15138
15125
15126
15132
15135
15141
15149
15143
15129
15137
15139
15134
15129
15122
15110
15099
15093
15090
15077
15084
15088
15082
15077
15081
15084
15089
15106
15111
15111
15114
15109
15107
15120
15137
15142
15148
15163
15180
15191
15202
15204
15187
15179
15171
15156
15141
15138
15134
15128
15131
15143
15142
15144
15149
15158
15157
15146
15106
15036
15008
15013
15016
15025
15038
15056
15078
15096
15107
15099
15103
15113
15114
15121
15135
15143
15143
15151
15161
15159
15171
15180
15178
15178
15189
15195
15189
15195
15198
15185
15176
15173
15168
15169
15178
15174
15161
15160
15157
15154
15159
15166
15163
15172
15184
15186
15179
15173
15190
15211
15208
15204
15199
15193
15200
15202
15192
15191
15202
15199
15185
15189
15201
15196
15183
15168
15154
15153
15159
15144
15134
15131
15123
15122
15129
15128
15115
15109
15111
15106
15105
15109
15112
15117
15130
15142
15140
15144
15154
15150
15145
15147
15151
15155
15169
15174
15152
T,D-1,1,Y100.0,-20.000,4,A0,M0,50,V-2
A0,T,V-2
