Mesure 6

Z0
IT,Z0,F15936,416,0,200,D0128,1280,A1,X2200,-100,5,S2113.0,D1,1,Y110.0,-22.000,4,Z0,D0128,1280,L1
14338
14359
14350
14333
14355
14377
14338
14343
14376
14362
14365
14401
14408
14368
14365
14387
14363
14377
14418
14419
14400
14406
14404
14375
14400
14418
14383
14370
14381
14376
14364
14396
14392
14342
14336
14332
14302
14303
14339
14333
14314
14361
14367
14342
14362
14380
14362
14352
14383
14377
14361
14394
14396
14367
14368
14386
14365
14361
14417
14411
14391
14403
14403
14381
14377
14392
14364
14359
14398
14394
14383
14398
14400
14353
14337
14368
14342
14341
14374
14371
14343
14352
14370
14351
14380
14420
14395
14377
14395
14404
14388
14412
14430
14374
14348
14345
14331
14338
14379
14383
14343
14355
14361
14337
14353
14383
14367
14334
14357
14360
14335
14366
14383
14350
14327
14332
14312
14296
14362
14377
14352
14354
14357
14332
14323
14364
14355
14329
14361
14367
14352
14373
14408
14394
14377
14417
14399
14381
14401
14411
14394
14389
14397
14364
14363
14391
14384
14378
14402
14417
14392
14398
14421
14374
14352
14367
14362
14356
14392
14416
14373
14377
14404
14381
14379
14413
14420
14385
14397
14421
14397
14406
14421
14390
14358
14361
14350
14333
14377
14382
14335
14315
14324
14315
14306
14348
14348
14309
14320
14335
14325
14335
14364
14342
14306
14339
14341
14332
14370
14404
14390
14368
14383
14364
14348
14384
14396
14386
14399
14415
14392
14389
14432
14409
14380
14379
14368
14355
14379
14405
14362
14342
14357
14327
14318
14357
14379
14354
14364
14404
14382
14388
14426
14421
14393
14397
14407
14391
14421
14460
14429
14399
14398
14386
14361
14385
14408
14377
14375
14385
14367
14355
14370
14357
14314
14338
14351
14332
14349
14371
14347
14309
14319
14307
14282
14319
T,D-1,1,Y110.0,-22.000,4,A0,M0,50,V-2

T,D-1,1,Y110.0,-22.000,4,A0,M0,50,V-2

T,D-1,1,Y110.0,-22.000,4,A0,M0,50,V-2
A0,T,V-2
