Mesure 15

Z0
IT,Z0,F15936,416,0,200,D0008,1280,A1,X2100,-100,5,S2090.0,A0,Z0,D0008,1280,L1

IT,Z0,F15936,416,0,200,D0008,1280,A1,X2100,-100,5,S2090.0,A0,Z0,D0008,1280,L1

14059
14062
14094
14094
14077
14084
14075
14062
14075
14094
14081
14061
14073
14057
14053
14075
14080
14064
14065
14076
14052
14056
14085
14076
14059
14062
14064
14053
14068
14096
14079
14072
14078
14071
14065
14087
14101
14077
14079
14086
14075
14079
14096
14096
14075
14073
14060
14035
14050
14064
14051
14038
14044
14034
14021
14051
14064
14056
14059
14063
14050
14046
14079
14081
14067
14083
14079
14065
14074
14097
14091
14079
14091
14073
14060
14073
14077
14065
14066
14070
14034
14028
14056
14058
14047
14049
14048
14027
14039
14068
14057
14047
14049
14040
14031
14050
14067
14042
14047
14051
14035
14036
14053
14052
14032
14032
14019
13991
14010
14031
14023
14012
14016
14003
13982
14011
14025
14011
14012
14022
14013
14012
14047
14048
14039
14053
14050
14034
14039
14060
14045
14025
14031
14016
14006
14023
14033
14017
14009
14013
13987
13990
14008
13998
13982
13988
14000
13996
14013
14044
14028
14016
14019
14017
14012
14030
14035
14001
13995
14001
13993
13996
14016
14015
13988
13991
13986
13964
13972
13989
13983
13975
13991
13984
13966
13994
14008
13995
13996
14010
14004
13998
14031
14030
14022
14041
14046
14034
14041
14063
14053
14042
14056
14046
14034
14043
14050
14036
14034
14046
14032
14051
14044
14029
14039
14050
14037
14051
14076
14066
14059
14067
14069
14064
14086
14103
14079
14077
14081
14068
14067
14089
14093
14067
14077
14081
14066
14074
14088
14077
14058
14060
14044
14024
14051
14072
14068
14069
14079
14071
14069
14108
14112
14097
14099
14092
14071
14072
14094
14085
14073
14081
14072
14064
14077
14089
14072
14063
14063
14038
14040
14063
14066
14054
14057
14063
14036
14052
14085
14079
14066
14069
14067
14058
14081
14100
14077
14072
14068
14047
14038
14058
14061
14028
14027
14024
14004
14009
14027
14024
14012
14020
14008
14000
14027
14046
14041
14040
14049
14037
14027
14066
14079
14068
14067
14060
14040
14038
14060
14050
14040
14050
14042
14033
14048
14063
14046
14043
14058
14045
14044
14065
14072
14061
14067
14075
14050
14060
14088
14080
14067
14076
14083
14071
14086
14103
14086
14079
14082
14074
14068
14085
14085
14057
14061
14060
14042
14043
14060
14061
14047
14063
14060
14046
14064
14076
14072
14078
14096
14082
14065
14092
14101
14096
14104
14109
14092
14089
14109
14101
14090
14098
14086
14065
14068
14079
14059
14058
14071
14053
14047
14066
14074
14062
14069
14078
14057
14067
14095
14093
14078
14082
14086
14069
14085
14106
14091
14082
14081
14068
14056
14071
14073
14040
14037
14034
14018
14022
14047
14046
14030
14044
14041
14029
14051
14071
14063
14058
14077
14062
14050
14084
14098
14087
14086
14090
14075
14074
14100
14089
14074
14076
14070
14059
14067
14080
14051
14039
14054
14044
14042
14061
14069
14048
14048
14064
14052
14067
14098
14094
14074
14079
14086
14069
14085
14101
14081
14063
14060
14053
14049
14071
14070
14041
14041
14043
14032
14037
14061
14060
14037
14052
14050
14039
14055
14072
14065
14057
14074
14064
14054
14079
14086
14071
14070
14083
14076
14076
14099
14095
14083
14089
14088
14079
14091
14109
14084
14073
14084
14078
14075
14096
14107
14077
14065
14078
14064
14072
14097
14097
14082
14087
14093
14078
14098
14117
14103
14087
14086
14083
14079
14104
14112
14092
14091
14091
14077
14078
14102
14095
14072
14087
14091
14078
14093
14121
14125
14119
14134
14117
14104
14130
14148
14143
14142
14150
14134
14126
14150
14150
14141
14139
14129
14109
14112
14136
14113
14103
14109
14097
14092
14118
14138
14116
14104
14107
14089
14091
14116
14124
14108
14104
14097
14074
14090
14116
14109
14093
14083
14064
14045
14068
14078
14055
14046
14040
14022
14020
14052
14056
14030
14038
14033
14016
14029
14062
14066
14048
14055
14040
14026
14046
14063
14055
14046
14045
14022
14005
14025
14023
14011
14012
14010
13998
14010
14035
14022
14016
14025
14015
14005
14023
14040
14015
14010
14023
14015
14020
14043
14051
14033
14031
14035
14016
14025
14043
14030
14016
14025
14023
13999
14024
14037
14018
14016
14018
14003
13997
14024
14027
14007
14026
14031
14009
14002
14021
14028
14027
14051
14045
14032
14045
14061
14067
14080
14098
14073
14056
14070
14070
14062
14068
14073
14058
14062
14089
14079
14078
14088
14073
14047
14051
14070
14051
14052
14070
14061
14058
14078
14092
14090
14105
14110
14087
14083
14088
14073
14058
14065
14056
14026
14043
14046
14028
14030
14045
14042
14028
14053
14054
14030
14032
14030
14016
14023
14057
14074
14085
14078
14054
14034
14034
14034
14023
14018
14032
14015
14013
14044
14053
14046
14045
14039
14014
14016
14042
14033
14024
14037
14042
14038
14059
14077
14049
14047
14065
14064
14066
14086
14095
14072
14070
14074
14064
14076
14089
14075
14053
14057
14054
14033
14050
14066
14050
14045
14061
14059
14049
14070
14075
14057
14063
14070
14067
14075
14092
14072
14064
14082
14082
14069
14073
14080
14072
14069
14086
14075
14072
14090
14089
14072
14070
14077
14056
14059
14088
14079
14069
14078
14081
14069
14080
14093
14060
14048
14060
14058
14057
14077
14090
14066
14069
14082
14072
14076
14091
14088
14068
14067
14062
14045
14061
14074
14060
14051
14066
14073
14064
14093
14094
14074
14075
14074
14059
14060
14092
14092
14070
14083
14089
14084
14089
14099
14090
14080
14095
14082
14078
14099
14102
14086
14086
14085
14057
14056
14081
14077
14065
14072
14078
14064
14079
14110
14094
14085
14089
14082
14080
14104
14118
14086
14077
14078
14055
14057
14082
14088
14063
14057
14048
14025
14048
14071
14060
14044
14046
14041
14024
14050
14059
14036
14024
14020
14004
14005
14037
14054
14055
14069
14055
14031
14039
14063
14050
14034
14041
14028
14016
14031
14040
14026
14021
14027
14000
14000
14020
14012
13993
13996
14005
13996
14013
14045
14026
14006
14005
14000
13996
14015
14016
13980
13977
13989
13984
13992
14016
14020
13999
13997
13992
13975
13988
14006
13998
13986
13994
13985
13970
14004
14024
14015
14011
14011
13996
13991
14025
14024
14013
14020
14022
14012
14018
14042
14039
14031
14052
14041
14031
14043
14058
14058
14059
14062
14037
14032
14058
14059
14045
14046
14049
14027
14035
14070
14065
14061
14069
14066
14055
14067
14088
14068
14074
14081
14068
14066
14086
14097
14083
14087
14081
14059
14061
14066
14051
14038
14042
14028
14003
14024
14042
14040
14043
14049
14032
14027
14081
14098
14089
14094
14088
14066
14065
14092
14087
14079
14097
14089
14058
14049
14055
14044
14048
14061
14034
14026
14042
14042
14031
14036
14037
14010
14018
14047
14041
14037
14047
14047
14035
14053
14077
14055
14048
14050
14035
14031
14057
14066
14039
14039
14039
14024
14028
14040
14028
14005
14011
14003
13987
14014
14029
14022
14027
14038
14018
13997
14027
14038
14028
14034
14042
14029
14022
14046
14039
14029
14046
14047
14037
14043
14053
14039
14029
14044
14035
14036
14054
14053
14037
14041
14051
14031
14036
14055
14042
14025
14035
14049
14039
14054
14076
14058
14058
14071
14066
14057
14071
14074
14040
14041
14048
14036
14040
14055
14051
14035
14047
14041
14020
14032
14039
14023
14019
14037
14033
14021
14052
14064
14055
14061
14070
14060
14060
14086
14080
14069
14081
14077
14064
14068
14078
14062
14050
14061
14051
14037
14042
14041
14026
14030
14045
14027
14043
14076
14075
14064
14072
14078
14063
14080
14105
14087
14077
14083
14079
14073
14092
14095
14059
14051
14047
14031
14036
14062
14063
14041
14045
14037
14029
14056
14081
14078
14072
14084
14071
14055
14088
14103
14090
14086
14090
14080
14073
14098
14093
14079
14083
14077
14067
14079
14096
14074
14052
14056
14043
14042
14062
14068
14046
14041
14045
14023
14068
14063
14043
14046
14051
14036
14063
14093
14077
14057
14054
14051
14048
14070
14075
14040
14027
14021
14006
14010
14037
14042
14011
14014
14008
13991
14006
14024
14015
14004
14013
13998
13981
14012
14029
14018
14020
14034
14023
14018
14047
14050
14040
14043
14042
14032
14040
14059
14039
14033
14047
14035
14029
14046
14053
14031
14029
14043
14028
14032
14055
14058
14046
14052
14063
14043
14056
14092
14090
14082
14086
14084
14074
14094
14105
14083
14077
14075
14057
14049
14066
14063
14039
14046
14043
14021
14024
14039
14037
14034
14050
14037
14036
14064
14079
14071
14072
14085
14070
14056
14081
14088
14084
14088
14079
14058
14055
14073
14060
14047
14055
14042
14030
14046
14065
14048
14044
14058
14043
14044
14065
14065
14045
14048
14055
14032
14038
14064
14056
14037
14034
14028
14012
14037
14055
14043
14039
14034
14019
14015
14037
14036
14007
14017
14013
13990
13992
14012
14012
13999
14008
13996
13982
14006
14023
14013
14009
14021
14009
14001
14032
14044
14036
14038
14040
14028
14027
14044
14026
14017
14029
14021
14012
14030
14046
14024
14028
14048
14038
14033
14047
14046
14021
14019
14034
14015
14023
14042
14036
14024
14027
14030
14019
14036
14049
14031
14025
14025
14018
14020
14049
14049
14018
14023
14025
14012
14016
14034
14029
14014
14045
14044
14023
14033
14044
14038
14040
14058
14046
14050
14078
14078
14063
14064
14080
14086
14087
14106
14085
14071
14076
14066
14048
14057
14072
14048
14040
14058
14052
14053
14074
14086
14072
14071
14079
14066
14078
14104
14101
14085
14090
14093
14077
14098
14112
14093
14078
14072
14057
14051
14080
14090
14067
14073
14082
14074
14081
14109
14110
14088
14105
14101
14086
14100
14119
14116
14111
14127
14108
14096
14121
14129
14118
14115
14113
14093
14092
14120
14112
14100
14100
14091
14078
14093
14114
14093
14087
14098
14089
14087
14109
14121
14097
14090
14090
14076
14091
14121
14121
14101
14097
14091
14069
14087
14101
14081
14063
14058
14045
14034
14062
14065
14034
14028
14022
14001
14001
14033
14036
14013
14029
14034
14028
14044
14065
14061
14052
14061
14045
14035
14051
14061
14052
14045
14045
14021
14011
14030
14020
14008
14010
14008
13997
14006
14025
13998
13993
14008
14002
13997
14016
14032
14017
14018
14035
14028
14037
14054
14050
14036
14040
14038
14015
14036
14050
14032
14023
14029
14017
14001
14020
14028
14012
14019
14025
14013
14012
14037
14043
14051
14080
14075
14053
14055
14066
14060
14053
14070
14060
14053
14068
14073
14066
14069
14073
14047
14042
14063
14057
14056
14070
14070
14054
14063
14079
14054
14050
14062
14059
14060
14085
14097
14064
14060
14071
14056
14056
14068
14058
14034
14033
14023
13994
14013
14031
14019
14010
14017
14011
13998
14028
14039
14023
14021
14022
14014
14018
14047
14047
14029
14041
14040
14027
14031
14044
14034
14022
14033
14019
14013
14033
14036
14020
14019
14028
14004
14009
14035
14027
14012
14015
14014
14000
14015
14036
14014
14004
14007
14000
14003
14032
14048
14020
14012
14022
14030
14051
14071
14063
14034
14024
14015
13993
14012
14029
14015
13998
14000
13993
13990
14030
14057
14048
14044
14042
14028
14026
14052
14045
14025
14038
14040
14033
14049
14076
14069
14059
14087
14075
14062
14067
14057
14032
14027
14032
14015
14034
14064
14051
14033
14038
14042
14026
14037
14063
14049
14042
14056
14060
14061
14086
14103
14073
14065
14067
14059
14068
14090
14086
14061
14059
14052
14031
14045
14070
14068
14053
14051
14033
14011
14040
14057
14054
14055
14056
14047
14056
14095
14100
14093
14106
14092
14064
14070
14102
14104
14099
14109
14088
14077
14095
14107
14097
14094
14096
14068
14068
14099
14101
14089
14094
14097
14081
14101
14141
14136
14127
14128
14117
14102
14119
14138
14113
14107
14108
14091
14090
14112
14116
14094
14091
14081
14061
14075
14096
14090
14078
14082
14060
14040
14069
14088
14082
14083
14088
14072
14073
14106
14106
14091
14097
14094
14081
14088
14109
14100
14082
14091
14077
14062
14072
14082
14068
14062
14074
14052
14053
14071
14067
14050
14053
14059
14039
14053
14081
14070
14061
14066
14064
14055
14068
14071
14045
14043
14044
14028
14025
14046
14047
14025
14027
14027
14014
14028
14048
14043
14031
14043
14038
14022
14040
14051
14044
14052
14069
14057
14049
14077
14076
14065
14076
14082
14067
14065
14086
14068
14065
14086
14082
14074
14083
14090
14072
14067
14079
14065
14064
14083
14083
14073
14084
14096
14078
14090
14110
14099
14087
14092
14094
14086
14107
14120
14101
14102
14106
14093
14093
14117
14111
14078
14087
14079
14063
14066
14079
14077
14072
14093
14088
14076
14101
14115
14103
14104
14122
14109
14095
14124
14126
14111
14110
14102
14081
14082
14102
14086
14070
14076
14068
14062
14080
14093
14068
14063
14076
14071
14080
14101
14099
14081
14082
14086
14072
14087
14110
14094
14075
14073
14067
14054
14074
14086
14060
14049
14044
14029
14026
14047
14043
14011
14010
14007
13996
14007
14030
14027
14010
14025
14014
14009
14038
14053
14039
14032
14044
14030
14023
14051
14048
14032
14033
14038
14029
14034
14055
14038
14023
14023
14011
14000
14015
14031
14010
13999
14011
14010
14022
14045
14040
14011
14014
14027
14013
14031
14059
14050
14032
14033
14034
14022
14044
14059
14038
14025
14025
14019
14016
14041
14038
14007
14008
14005
13990
13996
14017
14016
13998
14014
14014
14007
14025
14039
14028
14022
14034
14023
14016
14045
14056
14046
14044
14045
14027
14027
14047
14036
14024
14029
14023
14014
14029
14046
14024
14016
14025
14045
14070
14094
14095
14065
14053
14054
14030
14018
14032
14029
14017
14023
14022
14007
14033
14059
14053
14046
14042
14024
14009
14035
14044
14027
14026
14017
13999
14004
14037
14048
14039
14056
14050
14035
14051
14071
14065
14056
14071
14053
14039
14059
14065
14055
14053
14053
14035
14033
14062
14059
14053
14053
14043
14039
14070
14092
14059
14045
14047
14028
14023
14052
14071
14048
14041
14042
14025
14037
14061
14062
14046
14040
14034
14011
14031
14052
14038
14018
14011
13998
13988
14015
14024
14010
14015
14017
14005
14007
14033
14033
14011
14025
14027
14016
14031
14053
14047
14039
14050
14030
14018
14036
14042
14037
14042
14045
14017
14011
14035
14025
14014
14016
14010
13996
14012
14032
14005
14006
14022
14012
14004
14029
14052
14036
14045
14065
14054
14054
14070
14071
14055
14058
14052
14027
14039
14055
14045
14034
14038
14027
13999
14021
14030
14020
14025
14028
14015
14018
14056
14069
14060
14081
14075
14055
14062
14092
14100
14096
14111
14097
14084
14095
14099
14091
14094
14097
14066
14056
14074
14073
14068
14074
14071
14051
14061
14085
14069
14064
14057
14037
14021
14028
14051
14031
14037
14053
14047
14051
14073
14086
14080
14072
14052
14018
14025
14036
14026
14015
14019
14009
13991
14021
14035
14019
14017
14020
14007
14005
14034
14036
14023
14040
14038
14022
14030
14052
14044
14028
14037
14025
14013
14023
14032
14022
14018
14023
14000
14001
14021
14013
13997
14001
14009
13994
14004
14033
14018
14012
14020
14014
14001
14012
14023
13995
13993
14011
14009
14013
14029
14030
14008
14015
14016
14003
14014
14024
14012
14001
14011
14001
13980
14003
14013
14002
14005
14017
14010
14004
14029
14029
14016
14034
14044
14036
14042
14064
14056
14041
14063
14063
14050
14056
14062
14046
14042
14056
14035
14036
14055
14050
14034
14039
14047
14027
14030
14052
14041
14033
14044
14045
14028
14041
14060
14034
14032
14045
14044
14048
14069
14074
14053
14055
14059
14049
14058
14070
14059
14042
14051
14045
14023
14043
14059
14049
14045
14055
14047
14035
14066
14073
14061
14071
14081
14072
14073
14099
14089
14071
14080
14075
14062
14067
14077
14068
14063
14075
14054
14050
14072
14075
14057
14056
14061
14042
14059
14093
14090
14076
14079
14082
14073
14091
14111
14090
14076
14071
14061
14059
14082
14093
14067
14064
14059
14045
14055
14073
14063
14043
14052
14046
14024
14041
14055
14043
14035
14040
14023
14010
14042
14052
14037
14035
14040
14038
14056
14089
14081
14065
14087
14090
14079
14085
14093
14070
14053
14059
14042
14036
14049
14050
14032
14030
14047
14055
14071
14089
14066
14033
14027
14034
14024
14041
14063
14041
14035
14042
14036
14032
14050
14051
14021
14021
14025
14009
14012
14034
14034
14015
14025
14018
14001
14014
14029
14025
14023
14035
14028
14013
14040
14050
14046
14056
14066
14057
14057
14082
14079
14072
14082
14075
14060
14069
14085
14071
14062
14072
14057
14049
14065
14073
14058
14059
14065
14051
14077
14076
14064
14071
14078
14061
14082
14111
14103
14098
14099
14091
14086
14113
14121
14085
14079
14070
14048
14044
14062
14063
14040
14044
14039
14023
14037
14056
14052
14045
14053
14038
14024
14052
14069
14061
14061
14066
14050
14046
14075
14074
14061
14060
14047
14029
14039
14066
14051
14037
14038
14023
14020
14041
14052
14032
14026
14035
14018
14024
14049
14044
14024
14027
14028
14002
14013
14037
14028
14020
14021
14013
14002
14020
14035
14008
13996
13992
13977
13976
14001
14007
13978
13963
13954
13939
13950
13977
13991
13992
14004
13992
13978
14006
14020
14000
13991
14005
13996
13990
14023
14027
14026
14041
14043
14025
14026
14043
14027
14019
14034
14028
14020
14034
14045
14027
14030
14045
14028
14025
14063
14082
14070
14074
14078
14053
14056
14085
14072
14055
14064
14069
14061
14082
14091
14064
14054
14055
14042
14027
14036
14036
14010
14021
14030
14038
14052
14060
14049
14040
14052
14038
14022
14047
14061
14053
14059
14075
14059
14043
14070
14079
14072
14078
14077
14058
14055
14066
14048
14039
14045
14036
14030
14048
14063
14043
14033
14045
14039
14046
14069
14072
14055
14060
14075
14065
14083
14108
14096
14076
14073
14068
14049
14066
14081
14060
14049
14047
14038
14040
14063
14063
14030
14027
14026
14017
14027
14046
14040
14023
14028
14026
14021
14046
14059
14045
14039
14050
14036
14043
14066
14062
14043
14042
14046
14036
14038
14058
14020
13994
13996
13994
13991
14010
14028
14007
13996
14004
13989
13988
14006
14008
13986
13985
13997
13984
14006
14039
14034
14017
14028
14047
14052
14064
14068
14038
14015
14005
13992
13985
14005
14002
13973
13993
14000
13979
13972
13985
13981
13967
13980
13976
13971
14000
14020
14010
14004
14023
14011
13997
14028
14039
14030
14033
14042
14032
14030
14060
14049
14037
14039
14030
14015
14019
14024
13999
14001
14018
14007
14007
14030
14042
14028
14028
14039
14024
14036
14063
14061
14050
14061
14066
14048
14060
14082
14071
14060
14058
14048
14041
14066
14079
14061
14062
14061
14043
14038
14056
14055
14033
14050
14047
14033
14048
14067
14064
14063
14084
14069
14045
14063
14069
14054
14052
14061
14054
14061
14085
14074
14055
14054
14049
14038
14049
14061
14040
14030
14038
14027
14022
14040
14050
14029
14025
14034
14017
14028
14057
14057
14037
14037
14047
14026
14039
14066
14052
14035
14034
14033
14032
14059
14065
14030
14014
14004
13987
13990
14014
14009
13973
13976
13974
13964
13979
13997
13986
13972
13987
13984
13976
14010
14029
14017
14012
14022
14014
14011
14036
14041
14027
14039
14061
14068
14076
14087
14047
14015
14012
13996
13985
14001
14016
13998
13999
14018
14002
14003
14026
14028
14009
14013
14027
14009
14028
14059
14049
14030
14029
14032
14024
14038
14050
14028
14012
14003
13991
13993
14021
14025
13995
13993
13988
13974
13988
14016
14022
14017
14026
14015
14000
14026
14052
14049
14044
14050
14027
14011
14039
14058
14062
14065
14057
14035
14030
14053
14044
14040
14051
14039
14023
14038
14058
14046
14046
14060
14042
14038
14059
14067
14051
14049
14051
14024
14030
14062
14064
14055
14063
14064
14048
14067
14087
14074
14068
14068
14058
14054
14076
14075
14043
14037
14031
14013
14016
14042
14047
14030
14037
14032
14024
14049
14073
14076
14082
14099
14094
14114
14139
14136
14113
14104
14100
14081
14079
14098
14083
14072
14078
14072
14060
14067
14081
14069
14064
14080
14071
14066
14085
14094
14074
14070
14083
14064
14070
14092
14086
14067
14070
14080
14079
14098
14112
14088
14070
14067
14057
14051
14075
14080
14055
14061
14063
14046
14044
14060
14054
14033
14040
14041
14035
14045
14051
14042
14040
14057
14045
14030
14053
14063
14066
14082
14093
14080
14075
14096
14091
14084
14089
14083
14068
14078
14100
14078
14075
14096
14091
14091
14111
14119
14100
14097
14108
14078
14077
14104
14108
14105
14123
14129
14106
14116
14132
14114
14102
14107
14105
14102
14129
14141
14118
14113
14109
14088
14085
14111
14114
14098
14104
14096
14081
14097
14120
14120
14111
14124
14105
14094
14124
14142
14139
14142
14151
14135
14126
14161
14167
14156
14153
14144
14128
14133
14157
14130
14103
14105
14086
14071
14089
14107
14087
14076
14080
14064
14078
14109
14110
14090
14088
14087
14065
14080
14114
14110
14095
14107
14121
14101
14098
14083
14038
14021
14015
13999
13999
14034
14060
14061
14062
14048
14017
14010
14022
14018
14009
14024
14012
13998
14019
14031
14021
14020
14034
14015
13993
14018
14030
14027
14027
14018
13997
13992
14008
13998
13991
13997
13991
13987
14003
14020
14010
14021
14041
14033
14031
14062
14075
14050
14039
14035
14009
14018
14041
14037
14033
14048
14055
14043
14061
14073
14046
14033
14031
14023
14021
14040
14044
14015
14026
14040
14033
14043
14065
14061
14043
14047
14039
14024
14049
14067
14056
14050
14063
14052
14041
14069
14079
14070
14077
14099
14109
14109
14136
14119
14092
14089
14076
14061
14070
14085
14065
14052
14059
14045
14046
14067
14076
14063
14072
14097
14047
14066
14095
14078
14052
14055
14062
14052
14075
14116
14126
14123
14114
14090
14070
14082
14081
14048
14041
14052
14058
14076
14097
14085
14047
14040
14031
14021
14042
14066
14058
14037
14043
14037
14019
14051
14070
14062
14060
14069
14065
14057
14079
14071
14050
14047
14043
14042
14063
14091
14099
14129
14137
14105
14080
14079
14073
14047
14040
14045
14020
14022
14011
13974
13949
13960
13978
13978
14006
14054
14057
14067
14067
14037
14021
14039
14053
14031
14036
14045
14036
14061
14118
14106
14052
14032
14009
13984
13991
14006
14004
14000
14015
14013
14003
14031
14045
14038
14042
14055
14043
14034
14064
14070
14064
14072
14068
14050
14053
14069
14054
14046
14058
14043
14030
14040
14050
14035
14035
14044
14022
14019
14037
14038
14026
14035
14047
14028
14038
14064
14059
14047
14053
14058
14049
14066
14084
14065
14059
14073
14071
14062
14072
14064
14027
14024
14014
13994
14002
14023
14022
14015
14028
14014
14000
14022
14037
14028
14027
14041
14029
14022
14053
14063
14056
14070
14079
14064
14064
14086
14074
14064
14069
14053
14043
14058
14074
14064
14051
14054
14035
14034
14050
14044
14016
14009
14015
13992
14023
14062
14051
14027
14024
14029
14026
14044
14066
14049
14040
14037
14027
14027
14053
14057
14023
14012
14004
13989
14001
14026
14022
14001
14002
13986
13969
13990
14005
13993
13986
13996
13984
13979
14024
14043
14029
14023
14015
13989
13982
14006
13996
13986
13996
13991
13979
13988
14004
13987
13970
13974
13958
13959
13985
13998
13989
13996
14000
13969
13974
14004
14005
13993
13995
13994
13978
13999
14025
14015
14008
14011
14004
13998
14020
14040
14040
14041
14031
14000
13990
14009
14014
13996
14001
13992
13971
13988
14007
13999
13992
14000
13984
13965
13996
14009
14003
14011
14021
13999
13963
13992
14002
14003
14020
14018
14005
14017
14044
14039
14027
14035
14018
14001
14013
14028
14023
14027
14034
14010
14013
14037
14038
14024
14022
14019
13990
13999
14027
14023
14020
14030
14033
14037
14070
14088
14059
14054
14050
14029
14025
14045
14047
14029
14023
14011
13983
13988
14006
14004
13995
14004
13995
13989
14029
14045
14029
14024
14033
14021
14013
14041
14048
14042
14071
14086
14062
14047
14059
14041
14025
14035
14029
14020
14028
14032
14014
14009
14037
14023
14020
14034
14029
14015
14022
14032
14012
14021
14048
14040
14028
14036
14045
14041
14056
14069
14045
14038
14044
14031
14022
14040
14031
13994
13993
13999
13987
13992
14004
13997
13979
13979
13973
13961
13986
14006
14001
14000
14013
14004
13988
14019
14028
14016
14021
14025
14010
14005
14032
14031
14023
14039
14037
14025
14031
14044
14032
14027
14039
14024
14021
14037
14039
14029
14039
14046
14020
14022
14048
14042
14027
14033
14037
14024
14043
14068
14049
14040
14043
14037
14032
14050
14061
14036
14039
14048
14040
14047
14067
14065
14040
14040
14038
14024
14045
14064
14056
14049
14059
14049
14039
14071
14084
14070
14070
14078
14070
14073
14107
14105
14090
14094
14091
14085
14101
14127
14116
14101
14106
14091
14083
14096
14101
14084
14076
14074
14048
14058
14094
14097
14080
14082
14089
14076
14090
14125
14115
14097
14097
14099
14101
14124
14138
14099
14079
14074
14063
14068
14101
14119
14092
14085
14073
14050
14056
14066
14052
14034
14042
14034
14019
14048
14064
14053
14050
14066
14072
14068
14093
14087
14063
14066
14064
14052
14065
14091
14079
14060
14087
14092
14080
14081
14080
14054
14033
14036
14016
14015
14039
14041
14026
14033
14045
14023
14026
14048
14037
14028
14036
14038
14027
14044
14070
14054
14047
14042
14029
14029
14049
14054
14026
14027
14025
14010
14016
14032
14027
14011
14012
14000
13975
13993
14012
14007
14004
14015
14004
13990
14028
14049
14042
14046
14047
14031
14029
14058
14053
14042
14054
14046
14031
14043
14067
14064
14058
14058
14028
14020
14039
14047
14035
14032
14038
14032
14045
14068
14058
14040
14036
14030
14012
14024
14048
14036
14029
14030
14033
14043
14066
14077
14049
14043
14042
14024
14023
14037
14031
14006
14008
14000
13984
14003
14024
14018
14010
14017
14006
13988
14021
14040
14040
14049
14052
14038
14043
14069
14061
14046
14056
14057
14043
14047
14065
14041
14026
14039
14032
14027
14046
14056
14042
14032
14030
14004
14011
14032
14030
14019
14022
14021
13992
13998
14022
14013
14013
14026
14025
14021
14043
14067
14042
14045
14049
14031
14027
14040
14031
14006
14022
14024
14004
14009
14014
13998
13990
14007
14000
13990
14016
14030
14026
14035
14047
14036
14030
14050
14041
14034
14045
14043
14031
14032
14039
14016
14002
14012
14001
13994
14006
14012
14000
14001
14008
13987
13991
14013
14013
14002
14006
14010
13995
14014
14034
14020
14014
14021
14018
14014
14037
14043
14013
14014
14013
13992
13991
14016
14017
13997
14004
14005
13996
14012
14035
14036
14033
14045
14028
14015
14043
14060
14066
14075
14079
14066
14059
14087
14082
14064
14055
14035
14014
14027
14052
14037
14029
14041
14032
14032
14056
14068
14048
14042
14047
14035
14047
14077
14081
14074
14086
14093
14073
14089
14107
14082
14060
14052
14040
14029
14053
14051
14024
14024
14025
14013
14016
14042
14050
14027
14034
14033
14024
14047
14074
14071
14058
14067
14049
14034
14050
14050
14034
14033
14049
14051
14044
14061
14050
14033
14033
14023
14003
14004
14011
13985
13981
13996
13988
13981
14000
14013
13992
13988
14001
13988
13990
14005
14001
13987
13992
13991
13964
13979
13998
13986
13976
13978
13970
13953
13966
13964
13939
13942
13949
13940
13941
13967
13969
13963
13980
13980
13965
13973
13990
13992
13995
14014
14003
13990
14009
14017
14009
14015
14029
14018
14012
14025
14012
13997
14005
14009
13999
14010
14029
14005
13995
14009
14004
13997
14013
14029
14012
14012
14029
14027
14037
14057
14055
14040
14041
14043
14024
14044
14064
14047
14028
14026
14017
14006
14028
14034
14013
14014
14015
14003
14006
14032
14029
14012
14027
14028
14020
14042
14072
14073
14071
14081
14057
14050
14074
14082
14066
14059
14059
14037
14038
14063
14054
14035
14033
14033
14028
14046
14067
14039
14024
14028
14026
14029
14057
14078
14053
14044
14046
14032
14038
14058
14057
14040
14040
14032
14006
14028
14049
14037
14023
14020
14008
13998
14026
14032
14015
14013
14016
14010
14014
14041
14039
14024
14035
14034
14025
14037
14055
14049
14037
14052
14036
14024
14041
14051
14043
14045
14058
14037
14028
14050
14038
14023
14028
14031
14018
14026
14052
14037
14033
14041
14033
14024
14037
14049
14030
14031
14048
14045
14049
14067
14068
14050
14050
14045
14021
14027
14041
14033
14027
14035
14029
14012
14033
14043
14027
14021
14021
14009
14003
14022
14020
14003
14020
14022
14008
14017
14042
14043
14036
14058
14048
14027
14036
14045
14034
14035
14053
14038
14034
14058
14058
14044
14043
14044
14027
14032
14055
14043
14033
14039
14035
14031
14051
14069
14047
14047
14061
14055
14064
14093
14102
14082
14080
14082
14069
14089
14104
14088
14065
14061
14050
14029
14057
14079
14066
14059
14059
14051
14055
14089
14093
14073
14082
14079
14070
14087
14119
14120
14103
14112
14097
14081
14095
14103
14090
14083
14090
14070
14072
14099
14101
14085
14081
14084
14071
14082
14105
14090
14076
14077
14073
14071
14097
14118
14090
14080
14079
14067
14070
14087
14083
14055
14050
14045
14024
14038
14051
14036
14020
14028
14020
13999
14024
14041
14033
14034
14041
14030
14025
14054
14053
14037
14049
14050
14035
14036
14050
14036
14027
14036
14021
14008
14017
14024
14018
14022
14033
14007
14005
14027
14024
14014
14022
14032
14024
14036
14050
14031
14026
14040
14043
14040
14059
14070
14044
14048
14052
14034
14030
14047
14048
14029
14027
14024
14007
14020
14039
14036
14032
14048
14040
14029
14059
14079
14070
14071
14077
14068
14071
14098
14095
14085
14083
14073
14059
14068
14090
14079
14073
14085
14073
14068
14084
14092
14077
14073
14079
14057
14066
14097
14096
14081
14082
14084
14070
14093
14116
14100
14091
14088
14077
14075
14102
14106
14070
14064
14061
14042
14046
14071
14066
14038
14032
14019
14010
14032
14055
14052
14046
14060
14043
14027
14049
14057
14045
14041
14043
14030
14033
14062
14056
14045
14045
14033
14019
14025
14035
14014
14005
14017
14006
14003
14025
14036
14020
14019
14022
14003
14012
14038
14039
14030
14034
14030
14009
14023
14037
14022
14016
14018
14005
13995
14016
14020
13996
14004
14004
13987
13987
14005
14003
13993
14018
14020
14008
14017
14027
14020
14019
14039
14024
14012
14030
14032
14030
14043
14050
14032
14024
14039
14021
14014
14024
14017
14003
14017
14036
14014
14014
14037
14031
14029
14047
14056
14041
14046
14055
14038
14044
14058
14046
14030
14034
14030
14012
14030
14035
14018
14014
14015
14001
13989
14016
14024
14008
14020
14026
14014
14019
14046
14050
14039
14060
14059
14049
14061
14073
14066
14060
14068
14046
14038
14060
14060
T,M0,50,V-2
A0,T,V-2
