Mesure3
Z0
IT,Z0,F15936,416,0,200,D0128,1280,A1,X2100,-100,5,S2090.0,D1,1,Y110.0,-13.400,4,Z0,D0128,1280,L1
13301
13276
13307
13326
13339
13425
13466
13374
13321
13306
13269
13283
13360
13375
13301
13303
13292
13253
13290
13338
13315
13276
13305
13288
13254
13358
13417
13382
13359
13376
13354
13354
13476
13515
13483
13486
13469
13414
13411
13482
13463
13409
13438
13425
13393
13426
13476
13452
13421
13436
13384
13369
13436
13464
13430
13419
13433
13353
13341
13413
13405
13363
13366
13367
13328
13366
13449
13396
13356
13359
13334
13328
13410
13482
13426
13402
13410
13370
13371
13433
13454
13398
13386
13387
13330
13374
13441
13423
13371
13365
13345
13310
13390
13449
13407
13369
13355
13316
13286
13363
13373
13311
13327
13331
13286
13282
13339
13338
13279
13310
13288
13263
13334
13416
13420
13408
13454
13399
13338
13424
13479
13460
13465
13490
13434
13393
13461
13471
13434
13431
13410
13363
13382
13461
13446
13416
13434
13393
13349
13384
13431
13395
13385
13398
13322
13300
13345
13346
13304
13321
13346
13274
13312
13415
13413
13384
13405
13415
13373
13418
13504
13468
13471
13500
13475
13439
13474
13491
13383
13361
13373
13334
13353
13424
13435
13378
13365
13350
13279
13306
13351
13324
13296
13323
13304
13240
13296
13339
13306
13297
13315
13301
13301
13393
13414
13382
13417
13425
13390
13416
13510
13518
13480
13538
13511
13456
13466
13495
13472
13460
13511
13453
13418
13483
13496
13451
13433
13434
13375
13351
13411
13400
13378
13388
13367
13316
13331
13378
13306
13274
13312
13295
13283
13345
13396
13338
13329
13377
13356
13372
13447
13469
13429
13434
13453
13390
13408
13470
13447
13406
13415
13424
13406
13463
13501
13439
13406
13387
13344
13337
13405
13420
13340
13349
13356
13312
13310
13351
13330
13273
13292
13284
13245
13309
13371
13348
13319
13352
13328
13295
13391
13451
13442
13456
13478
13440
13416
13496
13489
13461
13506
13509
13463
13466
13521
13484
13422
13444
13418
13395
13438
T,D-1,1,Y110.0,-13.400,4,A0,M0,50,V-2
A0,T,V-2
