Mesure 9

Z0
IT,Z0,F15936,416,0,200,D0128,1280,A1,X2100,-100,5,S2090.0,D1,1,Y110.0,-22.000,4,Z0,D0128,1280,L2
14222
14209
14189
14199
14219
14196
14172
14167
14126
14108
14122
14122
14106
14120
14148
14131
14150
14192
14186
14168
14172
14174
14158
14181
14213
14191
14178
14180
14168
14158
14183
14207
14183
14191
14209
14200
14203
14213
14191
14152
14152
14142
14117
14138
14163
14154
14137
14145
14137
14115
14148
14163
14152
14157
14170
14162
14158
14189
14170
14143
14155
14153
14141
14157
14189
14181
14159
14176
14161
14154
14178
14188
14169
14164
14177
14151
14151
14184
14178
14153
14150
14156
14145
14161
14200
14182
14162
14160
14148
14137
14165
14200
14176
14174
14194
14182
14177
14191
14183
14147
14140
14141
14124
14145
14170
14158
14134
14133
14120
14092
14127
14157
14154
14162
14179
14172
14164
14194
14193
14171
14181
14185
14171
14178
14211
14205
14183
14197
14181
14154
14165
14181
14170
14166
14190
14171
14156
14181
14184
14167
14169
14182
14167
14169
14200
14175
14142
14134
14125
14116
14142
14174
14145
14140
14161
14159
14162
14186
14194
14166
14168
14187
14177
14193
14220
14206
14167
14158
14160
14142
14168
14193
14176
14160
14160
14147
14132
14160
14164
14130
14126
14131
14122
14131
14170
14168
14126
14126
14114
14094
14117
14152
14154
14154
14186
14171
14152
14188
14211
14206
14213
14235
14228
14220
14251
14243
14215
14205
14194
14175
14186
14217
14198
14192
14205
14190
14175
14188
14198
14173
14166
14174
14148
14144
14166
14159
14129
14130
14142
14119
14137
14176
14170
14156
14162
14161
14148
14173
14191
14166
14167
14181
14180
14184
14211
14205
14154
14144
14135
14113
14123
14145
14135
14115
14129
14123
14103
14132
14152
14139
14133
14153
14154
14149
14184
14190
14162
14155
14154
14141
14150
14190
14187
14169
14177
14171
14160
14176
14201
14187
14174
14188
14169
14167
14196
14201
14174
14169
14176
14146
14162
14207
14206
14186
14181
14170
14140
14153
14191
14175
14168
T,D-1,1,Y110.0,-22.000,4,A0,M0,50,V-2
A0,T,V-2
