Mesure 13

Z0
IT,Z0,F15936,416,0,200,D0128,1280,A1,X2100,-100,5,S2090.0,A0,Z0,D0128,1280,L1
14134
14142
14120
14103
14107
14090
14074
14103
14103
14078
14074
14073
14057
14065
14115
14118
14101
14115
14109
14093
14102
14126
14128
14131
14156
14139
14122
14134
14136
14119
14121
14138
14123
14136
14175
14174
14157
14152
14134
14097
14097
14117
14090
14086
14107
14110
14105
14125
14145
14118
14118
14128
14124
14137
14156
14144
14113
14109
14096
14069
14085
14097
14085
14075
14079
14068
14053
14088
14098
14077
14080
14089
14081
14088
14132
14135
14110
14118
14106
14087
14099
14127
14128
14118
14137
14113
14087
14098
14106
14092
14085
14095
14079
14085
14125
14131
14122
14119
14103
14073
14082
14111
14102
14102
14112
14100
14081
14090
14104
14085
14091
14120
14128
14146
14172
14166
14135
14133
14131
14107
14120
14141
14134
14119
14121
14111
14094
14117
14114
14078
14066
14067
14056
14057
14095
14096
14070
14078
14078
14066
14078
14109
14115
14107
14125
14108
14091
14109
14123
14114
14113
14130
14122
14124
14152
14158
14147
14144
14133
14107
14108
14137
14126
14119
14122
14102
14075
14080
14099
14078
14079
14097
14089
14094
14121
14128
14109
14110
14115
14086
14093
14118
14118
14109
14116
14113
14089
14105
14108
14084
14079
14084
14076
14075
14111
14121
14097
14105
14111
14105
14119
14150
14159
14148
14164
14149
14120
14124
14130
14120
14122
14143
14139
14129
14155
14159
14143
14139
14137
14119
14122
14144
14128
14109
14112
14098
14075
14083
14103
14089
14087
14102
14087
14082
14099
14101
14077
14077
14085
14065
14079
14119
14134
14130
14139
14141
14122
14136
14155
14141
14133
14132
14118
14104
14127
14136
14109
14106
14105
14088
14086
14105
14110
14091
14097
14084
14053
14054
14066
14063
14066
14091
14087
14072
14100
14113
14104
14110
14121
14114
14122
14161
14163
14154
14166
14161
14134
14126
14141
14132
14127
14144
14128
14138
14138
14113
14105
14118
14099
14105
T,M0,50,V-2
G2,2090.0
A0,T,V-2
