Mesure 7 

Z0
IT,Z0,F15936,416,0,200,D0064,1600,A1,X2100,-200,4,S2090.0,D1,1,Y110.0,-22.000,4,Z0,D0064,1600,L1
14361
14324
14310
14313
14288
14270
14313
14308
14261
14260
14261
14245
14261
14316
14332
14318
14344
14331
14301
14322
14356
14353
14346
14382
14370
14357
14403
14427
14404
14387
14390
14368
14366
14418
14424
14405
14404
14389
14349
14348
14384
14361
14343
14361
14348
14334
14357
14379
14348
14337
14355
14326
14329
14369
14374
14340
14334
14341
14297
14303
14349
14347
14331
14343
14356
14344
14378
14419
14386
14365
14373
14365
14355
14393
14426
14381
14370
14369
14338
14331
14354
14352
14317
14322
14318
14280
14299
14330
14314
14285
14291
14292
14277
14333
14368
14348
14332
14322
14290
14280
14333
14348
14332
14343
14337
14304
14300
14345
14346
14325
14349
14339
14325
14364
14417
14419
14403
14422
14385
14360
14395
14415
14402
14396
14400
14363
14345
14378
14368
14346
14343
14331
14306
14326
14371
14345
14329
14344
14327
14311
14335
14363
14343
14342
14357
14326
14314
14342
14349
14323
14329
14344
14318
14335
14378
14374
14351
14351
14348
14331
14367
14401
14384
14377
14377
14350
14324
14353
14366
14321
14323
14324
14303
14309
14343
14343
14310
14325
14311
14276
14296
14324
14319
14308
14322
14308
14271
14295
14315
14307
14316
14334
14324
14332
14395
14412
14401
14423
14427
14402
14406
14450
14454
14439
14451
14426
14386
14381
14389
14371
14370
14398
14365
14351
14373
14373
14353
14354
14364
14339
14348
14378
14360
14346
14356
14347
14315
14328
14357
14316
14310
14335
14331
14325
14355
14376
14339
14337
14360
14352
14366
14402
14408
14379
14386
14393
14359
14371
14392
14372
14347
14348
14339
14316
14348
14353
14316
14305
14308
14292
14285
14332
14339
14301
14309
14302
14270
14266
14288
14285
14276
14316
14314
14306
14340
14363
14345
14335
14360
14351
14340
14390
14411
14398
14401
14409
14380
14370
14406
14399
14386
14403
14402
14381
14387
14410
14373
14348
14358
14344
T,D-1,1,Y110.0,-22.000,4,A0,M0,50,V-2
A0,T,V-2
