Mesure 17

Z0
IT,Z0,F15936,416,0,200,D0128,1280,A1,X1300,-100,5,S1200.0,A0,Z0,D0128,1280,L1
14015
14004
13988
13989
13988
13966
13962
13976
13966
13967
13982
13972
13939
13933
13944
13929
13947
13978
13974
13961
13963
13963
13952
13968
13979
13955
13949
13960
13963
13963
13982
13981
13943
13933
13928
13912
13921
13948
13954
13946
13966
13964
13949
13962
13973
13961
13950
13961
13957
13949
13955
13967
13956
13942
13953
13950
13954
13974
13983
13977
13978
13985
13970
13960
13973
13967
13958
13965
13973
13969
13981
13989
13956
13941
13944
13943
13948
13972
13989
13967
13964
13970
13964
13970
13982
13978
13963
13968
13973
13961
13975
13979
13950
13925
13925
13926
13930
13965
13983
13973
13970
13970
13964
13969
13994
13998
13992
14012
14026
14023
14028
14034
14011
13991
13998
13986
13984
13997
13994
13974
13967
13972
13948
13947
13966
13962
13953
13960
13965
13956
13967
13985
13963
13954
13961
13960
13961
13985
13998
13964
13954
13958
13949
13958
13984
13993
13980
13990
13998
13990
14005
14012
13989
13964
13965
13963
13951
13981
13992
13971
13952
13943
13927
13927
13958
13961
13949
13964
13971
13963
13969
13987
13974
13957
13976
13980
13987
14009
14019
13998
13979
13979
13952
13949
13972
13975
13963
13965
13976
13965
13974
13997
13985
13971
13976
13981
13987
14011
14028
13993
13972
13970
13960
13962
13988
14000
13977
13972
13970
13952
13955
13964
13953
13937
13940
13935
13922
13940
13950
13934
13916
13908
13896
13897
13937
13954
13956
13967
13972
13966
13972
13995
13996
13987
13997
13991
13986
13997
14004
13987
13968
13960
13936
13956
13960
13949
13949
13950
13935
13944
13968
13959
13949
13956
13965
13974
14000
14016
13995
13978
13966
13949
13948
13974
13986
13972
13978
13975
13964
13975
13992
13990
13983
13995
13988
13981
14008
14023
14016
14008
14006
13987
13981
14007
14010
14003
14005
13995
13977
13980
13999
13987
13979
13987
13982
13976
13986
13994
13971
13959
13957
13935
13938
13963
13972
13967
13973
13976
13944
13945
13963
13954
13949
13963
13971
13974
14000
14015
13984
13974
13971
13953
13943
13965
13979
13963
13964
13961
13947
13951
13969
13970
13965
13979
13971
13962
13979
13990
13977
13963
13965
13947
13932
13962
13973
13966
13964
13955
13932
13925
13941
13936
13937
13959
13964
13962
13976
13990
13974
13961
13966
13957
13962
13996
14014
14005
14007
14008
13986
13985
13998
13990
13982
13993
14003
13995
14006
14013
13993
13982
13979
13968
13960
13976
13975
13948
13945
13935
13916
13916
13934
13938
13940
13961
13956
13946
13960
13972
13967
13965
13976
13966
13960
13989
14000
13992
13985
13975
13955
13949
13958
13942
13942
13959
13965
13966
13978
13989
13969
13963
13971
13969
13979
14003
14009
13997
13997
13989
13964
13966
13976
13968
13960
13966
13962
13954
13973
13979
13959
13947
13945
13938
13939
13972
13976
13963
13966
13958
13945
13950
13968
13969
13965
13994
13994
13989
14001
14004
13989
13984
14000
13987
13988
14016
14016
13999
13991
13981
13959
13959
13975
13959
13954
13967
13970
13966
13980
13988
13960
13956
13969
13971
13982
14006
14008
13980
13970
13959
13936
13945
13960
13950
13937
13951
13954
13939
13960
13969
13953
13948
13957
13960
13968
14008
14015
13991
13990
13977
13952
13950
13970
13963
13942
13955
13957
13957
13970
13975
13962
13956
13968
13957
13958
13990
13998
13984
13976
13972
13949
13956
13981
13981
13977
13981
13978
13971
13986
14001
13971
13965
13980
13985
13997
14028
14037
14009
13992
13982
13963
13970
13990
13994
13984
13985
13977
13956
13970
13977
13954
13936
13934
13927
13929
13962
13969
13956
13953
13945
13930
13935
13964
13970
13959
13968
13961
13948
13954
13968
13964
13964
13973
13968
13972
13994
13992
13974
13967
13959
13944
13956
13985
13986
13979
13978
13971
13959
13976
13994
13972
13964
13968
13967
13977
14007
14016
13989
13976
13953
13927
13934
13955
13961
13953
13956
13942
13922
13938
13948
13940
13935
13940
13940
13951
13999
14017
14011
14010
13998
13983
13994
14025
14027
14016
14018
13999
13973
13972
13980
13972
13972
13976
13956
13955
13976
13979
13967
13964
13956
13926
13938
13967
13971
13966
13969
13961
13942
13954
13967
13946
13944
13950
13945
13947
13969
13977
13957
13960
13940
13947
13968
13974
13969
13975
13954
13932
13947
13958
13955
13962
13975
13966
13963
13993
13999
13988
13990
13983
13964
13965
13991
13991
13992
14003
13986
13959
13957
13964
13948
13950
13961
13948
13955
13979
13986
13979
13987
13991
13968
13982
14012
14018
14016
14021
14012
13980
13977
13985
13967
13972
13982
13972
13964
13975
13974
13951
13954
13959
13945
13948
13969
13974
13961
13967
13948
13922
13930
13940
13935
13943
13964
13960
13953
13975
13976
13965
13967
13973
13970
13977
14002
13991
13987
14000
13994
13978
13980
13986
13964
13958
13966
13954
13953
13966
13967
13952
13957
13969
13960
13979
14012
14014
14003
14002
13992
13961
13966
13974
13956
13956
13963
13955
13946
13957
13954
13921
13924
13927
13922
13938
13971
13988
13986
13996
13978
13955
13965
13980
13981
13989
14007
13998
13989
14012
14015
14001
13995
13989
13975
13977
13997
13993
13991
13995
13982
13962
13965
13976
13964
13969
13980
13969
13963
13969
13966
13948
13950
13959
13950
13963
13987
13984
13969
13966
13956
13930
13939
13952
13951
13961
13967
13955
13943
13952
13948
13931
13937
13937
13929
13942
13970
13977
13976
13991
13981
13967
13977
13988
13988
13996
14007
13987
13966
13965
13956
13943
13944
13949
13941
13949
13975
13970
13967
13970
13958
13947
13967
13988
13976
13988
14006
13997
13989
13991
13984
13964
13965
13971
13963
13982
14004
14004
13999
14004
13996
13976
13993
14008
14001
14005
14007
13990
13972
13974
13958
13939
13951
13958
13950
13956
13979
13974
13960
13975
13960
13940
13948
13961
13961
13970
13993
13979
13970
13980
13973
13959
13965
13981
13972
13976
13999
13974
13978
13971
13960
13976
13998
13973
13974
13987
13977
13970
13980
13977
13951
13955
13971
13968
13984
14002
13995
13976
13974
13962
13936
13955
13966
13958
13959
13966
13956
13940
13956
13951
13933
13947
13961
13958
13967
13994
13996
13984
14003
14002
13989
14000
14019
14019
14026
14038
14020
14004
14006
13994
13975
13978
13991
13978
13979
13993
13974
13956
13953
13951
13949
13970
13996
13976
13973
T,M0,50,V-2
A0,T,V-2
